3.35512	1.93133
3.35956	10.9442
3.38615	12.2318
3.38615	21.2446
3.79834	21.2446
3.78504	28.9700
3.79391	36.0515
4.30803	35.4077
4.30803	40.5579
4.26371	41.2017
4.25928	50.8584
4.21053	51.5021
4.20609	60.5150
4.16620	60.5150
4.16620	69.5279
4.11302	69.5279
4.11302	79.8283
4.09529	83.0472
4.09086	90.7725
4.10416	95.9227
4.09529	100.429
4.06427	101.073
4.06427	109.442
4.08199	120.386
4.10416	130.687
4.12188	137.768
4.15734	141.631
4.16620	149.356
4.20609	150.644
4.21496	158.369
4.25042	159.657
4.25928	168.670
4.28587	178.326
4.32133	189.270
4.35235	199.571
4.39668	207.940
4.40554	219.528
4.42327	227.897
4.44986	235.622
4.45429	247.210
4.48975	251.073
4.49861	260.086
4.49861	267.811
4.51191	277.468
4.54294	286.481
4.56066	298.712
4.5700  300.00 
4.6300  325.00
4.6800  350.00
4.7300  375.00
4.7800  405.00




